0  1.16768e-06 -1.11127e-06  9.57958e-07         -1.5  -1.1273e-06          1.5  5.30557e-08  1.67092e-06  1.71816e-08  2.16111e-06  4.94177e-08 -1.50499e-07      7.8e-08  7.72116e-08  1.66718  4.65295  7.92107 0.326592    2.209 0.516106 0.865422 
0.00881033  7.3976e-05 0.000184963 0.000314998    -1.49999 9.52553e-05     1.50002  3.7845e-05   0.0174138   0.0428534   0.0721538  0.00342348   0.0230964  0.00540842   0.0090477  2.27863  5.06958  8.44901 0.449175  3.02489 0.709457  1.18487 
0.0176207  0.00032327  0.00076428  0.00128552    -1.49994 0.000426268      1.5001 0.000167463   0.0400322   0.0892342    0.148723  0.00789063   0.0531392    0.012463   0.0208152  2.84903  5.45369   8.9238 0.563523  3.78583  0.88982  1.48285 
0.026431  0.00079337  0.00176668  0.00294903    -1.49984  0.00105091     1.50025 0.000412038   0.0674953    0.138856    0.229241   0.0133289   0.0896441   0.0210495   0.0351133  3.37837  5.80529  9.34547 0.669634  4.49183  1.05719  1.75934 
0.0352413   0.0015254  0.00321946  0.00533797     -1.4997  0.00202392     1.50048 0.000793035   0.0994411    0.191432     0.31324   0.0196659    0.132127   0.0310534   0.0517528 3.86664 6.12436 9.71408 0.76751 5.14288 1.21158 2.01435 
0.0440516  0.0025573 0.00514741 0.00848071    -1.4995  0.0033958     1.5008 0.00133025   0.135508   0.246676   0.400254  0.0268288   0.180104  0.0423603  0.0705444  4.31384   6.4109  10.0297 0.857151  5.73901  1.35298  2.24789 
0.052862  0.0039238 0.00757278  0.0124016   -1.49922 0.00521277    1.50123 0.00204181   0.175334   0.304301   0.489815  0.0347453   0.233091  0.0548557  0.0912989  4.71995  6.66492  10.2923 0.938556  6.28023  1.48138  2.45994 
0.0616723 0.00565644  0.0105153  0.0171208   -1.49888 0.00751682    1.50177 0.00294417   0.218557   0.364021   0.581456  0.0433426   0.290605  0.0684252   0.113827 5.08498  6.8864  10.502 1.01173 6.76653  1.5968 2.65051 
0.0704826 0.00778357  0.0139921  0.0226545   -1.49846  0.0103457    1.50243 0.00405213   0.264815   0.425549   0.674712  0.0525484   0.352161  0.0829543   0.137939 5.40892 7.07535 10.6589 1.07666 7.19794 1.69923  2.8196 
0.0792929  0.0103303   0.018018  0.0290149   -1.49795  0.0137328    1.50323 0.00537882   0.313745   0.488599   0.769118    0.06229   0.417277  0.0983287   0.163447 5.69176 7.23177 10.7629 1.13336 7.57446 1.78867 2.96721 
0.0881033  0.0133187   0.022605  0.0362099   -1.49736  0.0177075    1.50417 0.00693569   0.364987   0.552883   0.864207  0.0724948   0.485468   0.114434    0.19016 5.93349 7.35564 10.8141 1.18183 7.89611 1.86512 3.09333 
0.0969136  0.0167675  0.0277628  0.0442436   -1.49667  0.0222946    1.50525 0.00873253   0.418178   0.618115   0.959516  0.0830904   0.556251   0.131155    0.21789 6.13411 7.44697 10.8127 1.22206 8.16288 1.92858 3.19798 
0.105724 0.0206921 0.0334985 0.0531159  -1.49589 0.0275149   1.50648 0.0107775  0.472954  0.684008   1.05458 0.0940042  0.629143  0.148379  0.246448  6.2936 7.50576 10.7585 1.25406  8.3748 1.97904 3.28114 
0.114534 0.0251051 0.0398166 0.0628225  -1.49502 0.0333849   1.50787  0.013077  0.528955  0.750276   1.14893  0.105164   0.70366  0.165989  0.275643 6.41197   7.532 10.6518 1.27782 8.53187 2.01652 3.34281 
0.123345 0.0300156 0.0467191 0.0733553  -1.49404 0.0399167   1.50941 0.0156358  0.585817  0.816632   1.24212  0.116496  0.779319  0.183873  0.305287 6.48921 7.52568 10.4924 1.29335  8.6341 2.04101 3.38301 
0.132155 0.0354295 0.0542056  0.084702  -1.49296 0.0471183   1.51111  0.018457  0.643179  0.882789   1.33366  0.127929  0.855638  0.201915  0.335191 6.52531 7.48681 10.2805 1.30065  8.6815  2.0525 3.40172 
0.140965 0.0413497  0.062273 0.0968462  -1.49179 0.0549934   1.51296 0.0215422  0.700678   0.94846   1.42311   0.13939  0.932132  0.220001  0.365164 6.52026 7.41538 10.0162 1.29971 8.67408   2.051 3.39894 
0.149776 0.0477758 0.0709159  0.109767  -1.49051 0.0635414   1.51498 0.0248911  0.757951   1.01336      1.51  0.150807   1.00832  0.238017  0.395019 6.47406  7.3114 9.69938 1.29054 8.61185 2.03651 3.37468 
0.158586 0.0547041  0.080126  0.123441  -1.48913 0.0727576   1.51716 0.0285018  0.814635    1.0772   1.59387  0.162106   1.08372  0.255848  0.424566  6.3867 7.17485 9.33021 1.27313 8.49482 2.00903 3.32894 
0.167396 0.0621279 0.0898928  0.137839  -1.48765 0.0826328   1.51949 0.0323707  0.870368   1.13969   1.67426  0.173216   1.15784  0.273379  0.453614 6.25817 7.00573 8.90871  1.2475   8.323 1.96855 3.26171 
0.176207 0.0700372  0.100203  0.152928  -1.48608 0.0931537   1.52197 0.0364927  0.924788   1.20055    1.7507  0.184064   1.23021  0.290497  0.481976 6.08847 6.80404 8.43492 1.21363  8.0964 1.91509   3.173 
0.185017 0.0784187  0.111042  0.168672  -1.48441  0.104303   1.52461 0.0408608  0.977531   1.25949   1.82273  0.194577   1.30035  0.307087  0.509461 5.87759 6.56979 7.90889 1.17153 7.81503 1.84863  3.0628 
0.193827 0.0872562   0.12239   0.18503  -1.48265  0.116058   1.52738 0.0454666   1.02824   1.31622   1.88991  0.204683   1.36776  0.323033  0.535882 5.62553 6.30295 7.33068 1.12119  7.4789 1.76917 2.93111 
0.202637   0.09653  0.134227  0.201957   -1.4808  0.128394    1.5303 0.0502997   1.07654   1.37045   1.95175  0.214309   1.43197  0.338223  0.561047 5.33227 6.00354 6.70033 1.06262 7.08802 1.67673 2.77794 
0.211448  0.106217   0.14653  0.219404  -1.47888   0.14128   1.53334 0.0553482   1.12207   1.42191   2.00782  0.223383    1.4925   0.35254  0.584768  4.99782  5.67155  6.01788 0.995825  6.64239  1.57128  2.60328 
0.220258  0.116292  0.159273  0.237318  -1.47687  0.154681    1.5365 0.0605988   1.16448   1.47029   2.05764  0.231832   1.54885  0.365872  0.606855  4.62215  5.30698  5.28339 0.920794  6.14203  1.45285  2.40714 
0.229068 0.126726 0.172427 0.255643 -1.47479 0.168558  1.53978 0.066036   1.2034  1.51533  2.10077 0.239584  1.60056 0.378102  0.62712  4.20528  4.90981  4.49691 0.837532  5.58696  1.32142   2.1895 
0.237879 0.137486 0.185963 0.274317 -1.47265 0.182869  1.54316 0.071643  1.23846  1.55671  2.13673 0.246566  1.64714 0.389118 0.645373  3.74719  4.48006  3.65849 0.746038  4.97716    1.177  1.95038 
0.246689  0.148536  0.199846  0.293274  -1.47045  0.197566   1.54664 0.0774013   1.26931   1.59417   2.16508  0.252705    1.6881  0.398804  0.661425  3.24787  4.01772  2.76817 0.646312  4.31267  1.01958  1.68977 
0.255499  0.159838   0.21404  0.312446   -1.4682  0.212597   1.55019 0.0832906   1.29557   1.62741   2.18536   0.25793   1.72297  0.407046  0.675086  2.70732  3.52278    1.826 0.538356  3.59348 0.849165  1.40768 
0.26431  0.17135 0.228508  0.33176 -1.46591 0.227907   1.5538 0.089289  1.31689  1.65615  2.19711 0.262168  1.75126 0.413729 0.686167  2.12553  2.99524 0.832033 0.422168  2.81961 0.665755  1.10409 
0.27312 0.183026 0.243209 0.351138 -1.46359 0.243436  1.55747 0.095373   1.3329   1.6801  2.19987 0.265345  1.77249 0.418739 0.694478   1.50249    2.4351 -0.213681  0.297749   1.99106  0.469351  0.779012 
0.28193 0.194819 0.258098 0.370498 -1.46124 0.259118  1.56118 0.101517  1.34325  1.69897   2.1932  0.26739  1.78619 0.421961 0.699831 0.838212  1.84235  -1.3111 0.165101  1.10786 0.259951 0.432446 
0.290741 0.206677  0.27313 0.389755 -1.45888 0.274886   1.5649 0.107695  1.34755  1.71247  2.17662 0.268231  1.79186 0.423282 0.702036  0.132663     1.217  -2.46017 0.0242206  0.169989 0.0375533 0.0643895 
0.299551 0.219002 0.289076  0.40893 -1.45642  0.29127  1.56877 0.114113  1.37641  1.77269  2.16964 0.273949  1.83023 0.432273 0.716966 0.522836  1.99739 -2.25797 0.101828  0.69139 0.159632 0.266919 
0.308361 0.231706 0.305769 0.428112 -1.45389  0.30816  1.57276 0.120726  1.41488  1.84863  2.17063 0.281582  1.88143 0.444281 0.736896  1.27588  3.15273 -1.49945 0.251908  1.69572 0.396021 0.658566 
0.317172  0.24458  0.32282 0.447278 -1.45133 0.325276   1.5768 0.127428  1.44806  1.91401  2.17135 0.288166  1.92559 0.454639 0.754088   1.81658   3.94709 -0.888723  0.359778   2.41695  0.565875  0.939817 
0.325982 0.257608 0.340193 0.466432 -1.44874   0.3426  1.58089 0.134211  1.47642  1.96971  2.17184 0.293795  1.96335 0.463494 0.768782   2.17293   4.42912 -0.408704  0.431005    2.8924  0.677963   1.12522 
0.334792 0.270776 0.357852 0.485576 -1.44612  0.36011  1.58502 0.141067  1.50041   2.0166  2.17214 0.298557  1.99528 0.470985 0.781211    2.37131    4.64461 -0.0432272    0.47083     3.1572   0.740544    1.22848 
0.343603  0.28407 0.375766 0.504712 -1.44347 0.377788   1.5892 0.147989  1.52045  2.05549   2.1723 0.302538  2.02197 0.477246 0.791593  2.43645  4.63654 0.222935 0.484169  3.24433 0.761363  1.26244 
0.352413 0.297476 0.393904 0.523841 -1.44081 0.395618  1.59341 0.154969  1.53695  2.08717  2.17234 0.305817  2.04394   0.4824 0.800138  2.39148  4.44501 0.404073 0.475616  3.18458 0.747656  1.23911 
0.361223 0.310983 0.412234 0.542965 -1.43812  0.41358  1.59765 0.162001  1.55029  2.11239   2.1723 0.308472   2.0617  0.48657 0.807043  2.25785   4.1073 0.513542 0.449436  3.00658 0.706149  1.16966 
0.370034 0.324577 0.430729 0.562087 -1.43541 0.431659  1.60191 0.169078  1.56083  2.13183  2.17221 0.310573  2.07573 0.489865 0.812493  2.05541  3.65781  0.56376 0.409575  2.73676 0.643057  1.06439 
0.378844 0.338246 0.449362 0.581206 -1.43269 0.449839   1.6062 0.176194  1.56891  2.14618  2.17209 0.312189  2.08649 0.492393 0.816665  1.80238  3.12813 0.566209  0.35965  2.39942 0.564083 0.932766 
0.387654 0.351981 0.468107 0.600325 -1.42996 0.468106  1.61051 0.183344  1.57485  2.15604  2.17196 0.313382  2.09439 0.494252 0.819722  1.51534    2.547 0.531436 0.302956  2.01665  0.47442 0.783415 
0.396465  0.36577 0.486941 0.619444 -1.42722 0.486445  1.61484 0.190522  1.57894  2.16201  2.17184 0.314212  2.09982 0.495535 0.821817  1.20922  1.94027 0.469052 0.242462  1.60837 0.378751 0.624105 
0.405275 0.379603 0.505839 0.638564 -1.42446 0.504842  1.61918 0.197723  1.58146  2.16463  2.17175 0.314732  2.10315 0.496327 0.823092 0.897349  1.33102 0.387729 0.180812  1.19234 0.281246  0.46176 
0.414085 0.393472 0.524782 0.657687 -1.42171 0.523285  1.62354 0.204941  1.58266   2.1644  2.17169 0.314993  2.10473 0.496706 0.823678 0.591407 0.739409 0.295208 0.120328 0.784155 0.185568 0.302459 
0.422896 0.407366 0.543749 0.676813 -1.41894 0.541763   1.6279 0.212173  1.58277  2.16179  2.17169 0.315041  2.10484 0.496746 0.823694  0.301445  0.182799  0.198288 0.0630043  0.397209 0.0948649  0.151432 
0.431706 0.421278 0.562723 0.695942 -1.41617 0.560264  1.63226 0.219413    1.582  2.15723  2.17173 0.314916  2.10378  0.49651 0.823249 0.0358759 -0.324309  0.102838 0.0105125 0.0427356  0.011777 0.0130631 
0.440516 0.435201 0.581686 0.715074  -1.4134 0.578778  1.63663 0.226658  1.58054  2.15111  2.17182 0.314657  2.10179 0.496058  0.82244  -0.198505  -0.770264  0.0137856 -0.0357997  -0.270194 -0.0615667   -0.10911 
0.449327 0.449126 0.600622 0.734211 -1.41063 0.597296    1.641 0.233903  1.57855  2.14377  2.17197 0.314296  2.09909 0.495441 0.821353  -0.396551   -1.14625 -0.0648758 -0.0749113  -0.534701  -0.123549  -0.212398 
0.458137 0.463048 0.619518 0.753351 -1.40785 0.615808  1.64537 0.241147  1.57619  2.13552  2.17216 0.313861  2.09587 0.494705 0.820064 -0.554736  -1.44632 -0.130085 -0.106125 -0.746061 -0.173063 -0.294959 
0.466947 0.476961 0.638362 0.772495 -1.40508 0.634307  1.64974 0.248385  1.57356  2.12664  2.17239 0.313376   2.0923 0.493887 0.818636 -0.671169  -1.66733 -0.179727 -0.129067 -0.901745 -0.209512 -0.355794 
0.475758 0.490858 0.657142 0.791643 -1.40232 0.652786   1.6541 0.255614  1.57077  2.11734  2.17265 0.312861  2.08852  0.49302 0.817122 -0.745596  -1.80903  -0.21261 -0.143689  -1.00138 -0.232811 -0.394756 
0.484568 0.504737 0.675848 0.810794 -1.39955 0.671237  1.65846 0.262833   1.5679  2.10783  2.17292 0.312332  2.08462 0.492127 0.815564 -0.779388  -1.87399 -0.228488 -0.150268  -1.04677 -0.243383 -0.412542 
0.493378 0.518591 0.694473 0.829948 -1.39679 0.689656  1.66281 0.270039  1.56501  2.09825  2.17318 0.311799   2.0807 0.491227 0.813992  -0.77555  -1.86762 -0.228049 -0.149405  -1.04189 -0.242168 -0.410696 
0.502189 0.532417 0.713009 0.849103 -1.39404 0.708037  1.66715  0.27723  1.56214  2.08871  2.17342  0.31127  2.07678 0.490332 0.812426 -0.738724   -1.7982 -0.212909 -0.142023 -0.992904 -0.230611 -0.391612 
0.510999 0.546213 0.731452  0.86826 -1.39129 0.726377  1.67148 0.284404  1.55929  2.07929   2.1736 0.310746  2.07291 0.489445 0.810875  -0.67518  -1.67682 -0.185637 -0.129375 -0.908135 -0.210668 -0.358525 
0.519809 0.559975 0.749797 0.887416 -1.38855 0.744672   1.6758  0.29156  1.55645  2.07002  2.17371 0.310226  2.06906 0.488565 0.809335 -0.592815  -1.51747 -0.149717 -0.113032  -0.79807 -0.184807 -0.315526 
0.52862 0.573702 0.768043 0.906571 -1.38581 0.762919  1.68011 0.298697  1.55361  2.06089   2.1737 0.309704   2.0652 0.487683 0.807793  -0.501169   -1.33691  -0.109593 -0.0948969  -0.675397  -0.156009   -0.26754 
0.53743 0.587392 0.786187 0.925724 -1.38308 0.781116  1.68441 0.305815  1.55071  2.05186  2.17354 0.309168  2.06127 0.486782 0.806223   -0.41141   -1.15482 -0.0706215 -0.0771902  -0.554959  -0.127762  -0.220355 
0.54624 0.601044 0.804231 0.944874 -1.38036 0.799263  1.68869 0.312913  1.54767  2.04284  2.17321 0.308604  2.05717 0.485842  0.80459  -0.336331   -0.99369 -0.0391111  -0.062462  -0.453771  -0.104068  -0.180588 
0.555051 0.614659 0.822177 0.964017 -1.37765 0.817359  1.69297 0.319991  1.54441   2.0337  2.17264 0.307992  2.05278 0.484831 0.802846  -0.290363  -0.878862 -0.0222955 -0.0535844  -0.391023 -0.0894393   -0.15572 
0.563861 0.628235 0.840027 0.983154 -1.37494 0.835405  1.69723 0.327049  1.54079  2.02429  2.17181 0.307309  2.04794 0.483715 0.800933  -0.289585  -0.838501 -0.0283537 -0.0537569  -0.388114 -0.0888946  -0.154071 
0.572671 0.641775 0.857788  1.00228 -1.37224 0.853401  1.70148 0.334087   1.5367   2.0144  2.17066 0.306527  2.04247 0.482451 0.798781  -0.351672  -0.903665 -0.0663989 -0.0664949  -0.468528  -0.107967  -0.184802 
0.581482  0.65528 0.875464   1.0214 -1.36955 0.871351  1.70573 0.341107  1.53196  2.00379  2.16915 0.305613  2.03617 0.480988  0.79631   -0.49596   -1.10822  -0.146485 -0.0956513  -0.658017  -0.152703  -0.257933 
0.590292 0.667651 0.891992  1.04033 -1.36707 0.887798   1.7096 0.347535  1.51341  1.96898  2.17507 0.302017   2.0115 0.475244 0.786643 -0.811185  -1.80788 -0.262966 -0.157738   -1.0766 -0.250682 -0.421065 
0.599102 0.678248 0.906563  1.05914 -1.36494 0.901894  1.71294 0.353042  1.47388    1.894  2.19069 0.294363  1.95891 0.463002 0.766029  -1.25539  -3.03143 -0.462121 -0.243539  -1.66985 -0.388704 -0.653812 
0.607912 0.689398 0.921343  1.07819  -1.3627  0.91672  1.71645 0.358836  1.44104  1.82752  2.19761 0.288002   1.9152 0.452826 0.748896  -1.64348  -4.01366 -0.789978 -0.318568  -2.18734 -0.509204  -0.85692 
0.616723 0.700981 0.936235  1.09738 -1.36038 0.932119   1.7201 0.364855  1.41329  1.76796  2.19602 0.282626  1.87825 0.444226 0.734416  -1.98898  -4.78948  -1.22745 -0.385436  -2.64719 -0.616388  -1.03748 
0.625533 0.712886 0.951152  1.11662 -1.35799 0.947942  1.72385 0.371041  1.38915  1.71383  2.18614  0.27795  1.84613 0.436746 0.721824  -2.30401  -5.39124  -1.75635  -0.44648  -3.06559 -0.714018  -1.20185 
0.634344 0.725006 0.966007   1.1358 -1.35557 0.964049  1.72766 0.377339  1.36728  1.66376  2.16822 0.273712  1.81704 0.429969 0.710416  -2.59923   -5.8488  -2.35935 -0.503758  -3.45685 -0.805411  -1.35562 
0.643154  0.73724 0.980723  1.15485 -1.35312 0.980306   1.7315 0.383695  1.34645  1.61651  2.14251 0.269673  1.78935 0.423515 0.699555   -2.8839  -6.18947  -3.02003 -0.559048  -3.83336  -0.89344  -1.50364 
0.651964 0.749495 0.995224  1.17366 -1.35067 0.996589  1.73535 0.390062  1.32554  1.57094  2.10929 0.265618  1.76158  0.41704 0.688662   -3.1658  -6.43805  -3.72282 -0.613856  -4.20559 -0.980534  -1.65002 
0.660774 0.761682  1.00944  1.19218 -1.34823  1.01278  1.73919 0.396394  1.30358  1.52603  2.06886 0.261356  1.73244 0.410239 0.677223  -3.45132  -6.61681  -4.45307 -0.669405  -4.58212  -1.06868  -1.79811 
0.669585  0.77372  1.02332  1.21031 -1.34582  1.02878  1.74297 0.402648  1.27969  1.48088  2.02155 0.256718  1.70076 0.402845 0.664787  -3.74539  -6.74551  -5.19699 -0.726645   -4.9696  -1.15941  -1.95051 
0.678395 0.785534  1.03678    1.228 -1.34345  1.04448  1.74669 0.408785  1.25312  1.43469  1.96769 0.251559  1.66555 0.394624 0.650965  -4.05153  -6.84136  -5.94168 -0.786246   -5.3728  -1.25383  -2.10908 
0.687205 0.797054   1.0498  1.24518 -1.34114  1.05979  1.75031  0.41477  1.22325  1.38679  1.90764 0.245758  1.62599 0.385386 0.635431  -4.37179  -6.91908  -6.67513 -0.848601  -5.79457  -1.35259  -2.27493 
0.696016 0.808217   1.0623  1.26179  -1.3389  1.07462  1.75383 0.420569  1.18958  1.33661  1.84179 0.239217   1.5814 0.374971 0.617922  -4.70682  -6.99082   -7.3862 -0.913827  -6.23583   -1.4559  -2.44843 
0.704826 0.818965  1.07426  1.27777 -1.33674  1.08891  1.75721 0.426152  1.15171  1.28373  1.77054 0.231861  1.53128 0.363263 0.598237  -5.05581  -7.06626  -8.06464 -0.981761  -6.69563  -1.56351  -2.62917 
0.713636 0.829249  1.08563  1.29309 -1.33467  1.10258  1.76046 0.431494  1.10939   1.2278  1.69431  0.22364  1.47527 0.350179 0.576239 -5.41655 -7.15251 -8.70108 -1.05196 -7.17108 -1.67476 -2.81603 
0.722447 0.839024  1.09638   1.3077  -1.3327  1.11558  1.76354 0.436571  1.06247  1.16861  1.61354 0.214524  1.41317 0.335674 0.551853 -5.78537 -7.25418 -9.28703 -1.12372  -7.6574  -1.7885 -3.00713 
0.731257  0.84825  1.10649  1.32156 -1.33084  1.12785  1.76646 0.441364  1.01092  1.10606  1.52869 0.204512  1.34496 0.319741 0.525067 -6.15716 -7.37335  -9.8149 -1.19604 -8.14789 -1.90319 -3.19982 
0.740067 0.856897  1.11593  1.33464 -1.32909  1.13936  1.76919 0.445855 0.954856  1.04016  1.44025  0.19362  1.27077 0.302411  0.49593 -6.52541 -7.50957  -10.278 -1.26764 -8.63395 -2.01679 -3.39073 
0.748878 0.864937  1.12469  1.34691 -1.32745  1.15006  1.77174  0.45003 0.894481 0.971059  1.34871 0.181892  1.19088 0.283751 0.464557 -6.88214 -7.65988 -10.6704 -1.33698 -9.10508 -2.12687 -3.57573 
0.757688 0.872351  1.13275  1.35835 -1.32594  1.15994   1.7741 0.453881 0.830139 0.898987  1.25461 0.169394  1.10574 0.263865 0.431123 -7.21795 -7.81879 -10.9872 -1.40224 -9.54884  -2.2305 -3.74994 
0.766498 0.879125  1.14011  1.36894 -1.32455  1.16896  1.77626 0.457398 0.762291 0.824309  1.15848 0.156215  1.01596 0.242897 0.395868 -7.52202 -7.97828 -11.2244  -1.4613 -9.95092 -2.32435 -3.90773 
0.775309 0.885252  1.14677  1.37867 -1.32329  1.17713  1.77821  0.46058 0.691516   0.7475   1.0609 0.142469 0.922303 0.221025 0.359092 -7.78208  -8.1278 -11.3788 -1.51179 -10.2951 -2.40463 -4.04273 
0.784119 0.890729  1.15273  1.38754 -1.32215  1.18445  1.77997 0.463424 0.618517 0.669154 0.962433  0.12829 0.825699 0.198465 0.321161 -7.98443  -8.2543  -11.448 -1.55105 -10.5632 -2.46709 -4.14782 
0.792929 0.895563    1.158  1.39553 -1.32114  1.19091  1.78153 0.465934 0.544114 0.589974 0.863697 0.113839 0.727236 0.175473 0.282502 -8.11394 -8.34219 -11.4306 -1.57614 -10.7351 -2.50708 -4.21512 
0.80174  0.899764    1.1626   1.40266  -1.32026   1.19653   1.78289  0.468114  0.469251  0.510783  0.765313 0.0992997  0.628159  0.152339  0.243603 -8.15404 -8.37335 -11.3261 -1.58386  -10.789 -2.51945 -4.23602 
0.81055  0.903349   1.16654   1.40894  -1.31949   1.20133   1.78406  0.469975  0.394991  0.432517  0.667926 0.0848775  0.529876  0.129392  0.205018 -8.08673 -8.32714 -11.1349  -1.5707  -10.701 -2.49864 -4.20114 
0.81936  0.906341   1.16986   1.41437  -1.31883   1.20536   1.78505  0.471528  0.322519  0.356228  0.572202 0.0708029  0.433953  0.106997  0.167363 -7.89258 -8.18042 -10.8581  -1.5329 -10.4452 -2.43865 -4.10038 
0.828171  0.90877  1.17257  1.41898 -1.31829  1.20863  1.78587 0.472788 0.253138 0.283082 0.478825 0.057329 0.342117 0.085559 0.131315 -7.55072 -7.90748 -10.4979 -1.46642 -9.99402 -2.33302 -3.92285 
0.836981  0.910672   1.17472    1.4228  -1.31785   1.21121   1.78652  0.473775  0.188275   0.21436  0.388502 0.0447326  0.256255 0.0655173 0.0976149 -7.03885 -7.48013 -10.0574 -1.36692 -9.31783 -2.17484 -3.65697 
0.845791  0.912089   1.17635   1.42584   -1.3175   1.21315   1.78702  0.474509  0.129475  0.151461  0.301958  0.033314  0.178412   0.04735 0.0670668 -6.33323 -6.86763 -9.54024 -1.22982 -8.38514 -1.95677 -3.29035 
0.854602  0.913068    1.1775   1.42815  -1.31724   1.21451   1.78739  0.475016 0.0784051 0.0958953   0.21994 0.0233967  0.110794 0.0315721 0.0405369  -5.4087 -6.03671 -8.95133 -1.05023 -7.16253 -1.67103 -2.80989 
0.863412  0.913664   1.17823   1.42976  -1.31705   1.21536   1.78764  0.475324 0.0368539 0.0492899  0.143214 0.0153279 0.0557685 0.0187366 0.0189546  -4.23866  -4.95161  -8.29631 -0.822999  -5.61469  -1.30938  -2.20173 
0.872222   0.913937    1.17858    1.43072   -1.31693    1.21578    1.78779   0.475465 0.00672889   0.013388  0.0725684 0.00947785  0.0158596  0.0094327 0.00331169  -2.79506  -3.57402  -7.58168 -0.542691  -3.70439 -0.863142  -1.45127 
